url_path,views_total,views_unique
/morganstanley/eslint-plugin-externalincludes/actions/runs/16681567539/workflow,1,1
/morganstanley/eslint-plugin-externalincludes/actions/runs/17398474361,1,1
/morganstanley/eslint-plugin-externalincludes/blob/d70ceb9af5145ed3dd7bfae368b4b67e40b05f42/package.json,1,1
/morganstanley/eslint-plugin-externalincludes/tree/main,1,1
/morganstanley/eslint-plugin-externalincludes/watchers,1,1
