url_path,views_total,views_unique
/morganstanley/Xpedite,37,27
/morganstanley/Xpedite/pulls,8,8
/morganstanley/Xpedite/issues,6,6
/morganstanley/Xpedite/discussions,6,3
/morganstanley/Xpedite/blob/main/docs/images/reportShellPlotTxnPmc.png,4,2
/morganstanley/Xpedite/blob/main/docs/images/cmdTopdown.png,2,2
/morganstanley/Xpedite/blob/main/README.md,2,1
/morganstanley/Xpedite/tree/main/vivify,2,1
/morganstanley/Xpedite/blob/main/CMakeLists.txt,1,1
/morganstanley/Xpedite/blob/main/docs/images/reportHomePage.png,1,1
